%YAML:1.0
---
M1: !!opencv-matrix
   rows: 3
   cols: 3
   dt: d
   data: [ 9.4452659045488599e+02, 0., 3.4868078170614410e+02, 0.,
       9.4567249815399737e+02, 2.6190596749592004e+02, 0., 0., 1. ]
D1: !!opencv-matrix
   rows: 1
   cols: 14
   dt: d
   data: [ -6.7982613199747577e-02, 9.0324675819631994e-02, 0., 0., 0.,
       0., 0., -1.2583036902903859e+00, 0., 0., 0., 0., 0., 0. ]
M2: !!opencv-matrix
   rows: 3
   cols: 3
   dt: d
   data: [ 9.4452659045488599e+02, 0., 3.4713290971499373e+02, 0.,
       9.4567249815399737e+02, 2.6201604717115498e+02, 0., 0., 1. ]
D2: !!opencv-matrix
   rows: 1
   cols: 14
   dt: d
   data: [ -7.8280084698552604e-02, 3.4567047719309207e-01, 0., 0., 0.,
       0., 0., -7.2110839294176310e-01, 0., 0., 0., 0., 0., 0. ]
R: !!opencv-matrix
   rows: 3
   cols: 3
   dt: d
   data: [ 9.9992648926598449e-01, 6.5449547640553541e-03,
       1.0206842378495354e-02, -6.4423135766695644e-03,
       9.9992867635394844e-01, -1.0056778849138621e-02,
       -1.0271935551921973e-02, 9.9902838887136764e-03,
       9.9989733551392168e-01 ]
T: !!opencv-matrix
   rows: 3
   cols: 1
   dt: d
   data: [ -1.5612851113924373e-01, -9.3087086548372395e-04,
       -1.0460167219530228e-03 ]
R1: !!opencv-matrix
   rows: 3
   cols: 3
   dt: d
   data: [ 9.9977905241588816e-01, 1.2573165267108723e-02,
       1.6845232724858189e-02, -1.2489422328412573e-02,
       9.9990916412308462e-01, -5.0673299258096483e-03,
       -1.6907414949991966e-02, 4.8558230857834771e-03,
       9.9984526817996611e-01 ]
R2: !!opencv-matrix
   rows: 3
   cols: 3
   dt: d
   data: [ 9.9995978535705765e-01, 5.9619695598972294e-03,
       6.6994468155222413e-03, -5.9958654122950128e-03,
       9.9996926874722958e-01, 5.0508572627631018e-03,
       -6.6691278758767682e-03, -5.0908231257844423e-03,
       9.9996480250720687e-01 ]
P1: !!opencv-matrix
   rows: 3
   cols: 4
   dt: d
   data: [ 9.0846865256082287e+02, 0., 3.3527499771118164e+02, 0., 0.,
       9.0846865256082287e+02, 2.6197733497619629e+02, 0., 0., 0., 1.,
       0. ]
P2: !!opencv-matrix
   rows: 3
   cols: 4
   dt: d
   data: [ 9.0846865256082287e+02, 0., 3.3527499771118164e+02,
       -1.4184356232920891e+02, 0., 9.0846865256082287e+02,
       2.6197733497619629e+02, 0., 0., 0., 1., 0. ]
Q: !!opencv-matrix
   rows: 4
   cols: 4
   dt: d
   data: [ 1., 0., 0., -3.3527499771118164e+02, 0., 1., 0.,
       -2.6197733497619629e+02, 0., 0., 0., 9.0846865256082287e+02, 0.,
       0., 6.4047224818869903e+00, 0. ]
ValidRoi1: [ 22, 12, 662, 494 ]
ValidRoi2: [ 12, 20, 662, 496 ]
