%YAML:1.0
---
M1: !!opencv-matrix
   rows: 3
   cols: 3
   dt: d
   data: [ 9.4452659045488599e+02, 0., 3.4868078170614410e+02, 0.,
       9.4567249815399737e+02, 2.6190596749592004e+02, 0., 0., 1. ]
D1: !!opencv-matrix
   rows: 1
   cols: 14
   dt: d
   data: [ -6.7982613199747577e-02, 9.0324675819631994e-02, 0., 0., 0.,
       0., 0., -1.2583036902903859e+00, 0., 0., 0., 0., 0., 0. ]
M2: !!opencv-matrix
   rows: 3
   cols: 3
   dt: d
   data: [ 9.4452659045488599e+02, 0., 3.4713290971499373e+02, 0.,
       9.4567249815399737e+02, 2.6201604717115498e+02, 0., 0., 1. ]
D2: !!opencv-matrix
   rows: 1
   cols: 14
   dt: d
   data: [ -7.8280084698552604e-02, 3.4567047719309207e-01, 0., 0., 0.,
       0., 0., -7.2110839294176310e-01, 0., 0., 0., 0., 0., 0. ]
