%YAML:1.0
---
R: !!opencv-matrix
   rows: 3
   cols: 3
   dt: d
   data: [ 9.9898680428685427e-01, 3.0950656771656440e-02,
       3.2671420326354186e-02, -3.1033112593709417e-02,
       9.9951631657439910e-01, 2.0196099355418752e-03,
       -3.2593109447923901e-02, -3.0314595409971397e-03,
       9.9946410614367087e-01 ]
T: !!opencv-matrix
   rows: 3
   cols: 1
   dt: d
   data: [ -9.6147590966160587e-02, 1.0157411766195822e-03,
       -3.3375690233305695e-03 ]
R1: !!opencv-matrix
   rows: 3
   cols: 3
   dt: d
   data: [ 9.9752679206393269e-01, 2.0272798954703956e-02,
       6.7300168923870085e-02, -2.0390129103123801e-02,
       9.9979154110865820e-01, 1.0568645760683792e-03,
       -6.7264714002196122e-02, -2.4265098632312338e-03,
       9.9773221372274346e-01 ]
R2: !!opencv-matrix
   rows: 3
   cols: 3
   dt: d
   data: [ 9.9934235074365996e-01, -1.0557447825680855e-02,
       3.4690147096023305e-02, 1.0609264187126651e-02,
       9.9994286213762384e-01, -1.3099516879515945e-03,
       -3.4674335228573015e-02, 1.6771271344301832e-03,
       9.9939725721108086e-01 ]
P1: !!opencv-matrix
   rows: 3
   cols: 4
   dt: d
   data: [ 1.7896722672253022e+03, 0., 5.8817584991455078e+02, 0., 0.,
       1.7896722672253022e+03, 5.2408402252197266e+02, 0., 0., 0., 1.,
       0. ]
P2: !!opencv-matrix
   rows: 3
   cols: 4
   dt: d
   data: [ 1.7896722672253022e+03, 0., 5.8817584991455078e+02,
       -1.7218591505164554e+02, 0., 1.7896722672253022e+03,
       5.2408402252197266e+02, 0., 0., 0., 1., 0. ]
Q: !!opencv-matrix
   rows: 4
   cols: 4
   dt: d
   data: [ 1., 0., 0., -5.8817584991455078e+02, 0., 1., 0.,
       -5.2408402252197266e+02, 0., 0., 0., 1.7896722672253022e+03, 0.,
       0., 1.0393836607881120e+01, 0. ]
