%YAML:1.0
---
M1: !!opencv-matrix
   rows: 3
   cols: 3
   dt: d
   data: [ 1.9156150095686551e+03, 0., 6.9390408776943946e+02, 0.,
       1.9090203839399321e+03, 5.2048518915989155e+02, 0., 0., 1. ]
D1: !!opencv-matrix
   rows: 1
   cols: 14
   dt: d
   data: [ -3.2618129104148588e-02, 2.3636842586593193e-01, 0., 0., 0.,
       0., 0., -4.3734446224035600e-01, 0., 0., 0., 0., 0., 0. ]
M2: !!opencv-matrix
   rows: 3
   cols: 3
   dt: d
   data: [ 1.9156150095686551e+03, 0., 7.0327143790080447e+02, 0.,
       1.9090203839399321e+03, 5.2718070150423318e+02, 0., 0., 1. ]
D2: !!opencv-matrix
   rows: 1
   cols: 14
   dt: d
   data: [ -2.9066314355734486e-02, 1.8707996342179151e-01, 0., 0., 0.,
       0., 0., -7.2772003803639418e-01, 0., 0., 0., 0., 0., 0. ]
